110100010
110111100
010001100
001110101
010010100
001111001
010000100
001111011
110010000
000100101
000100100
010001101
001111000
001100000
001100000
001110101
001111000
001100000
000100000
000100000
000100000
000100000
000100000
000100000
000100000
001100000
001100000
001100000
001100000
001100000
001100000
001100000
001000101
001111000
000100000
000100000
000100000
000100000
000100000
001110111
000100000
000100000
001101000
001100000
001100000
001100000
001100000
001100000
001100000
001000101
001111010
001100000
001100000
001100000
001100000
000100000
000010111
001100000
001100000
001100000
001100000
001000101
001111010
000100000
001100000
001100000
001100000
001100000
001100000
001100000
001100000
001000101
001111010
000100000
000100000
001100000
001100000
001100000
001100000
001100000
001100000
001100000
001000101
001111010
000100000
000100000
001100000
001100000
001100000
001100000
001100000
001100000
001100000
001000100
001111111
000010110
010010011
001111110
001000001
001111000
001100000
001100000
001110101
001111000
001100000
000100000
000100000
000100000
000100000
000100000
000100000
000100000
001100000
001100000
001100000
001100000
001100000
001100000
001100000
001000101
001111000
000100000
000100000
000100000
000100000
000100000
000100000
000100000
001111000
001100000
001100000
001100000
001100000
001100000
001100000
001100000
001000101
001111010
001100000
001100000
001100000
001100000
001100000
001100000
001100000
001000101
001111010
000100000
000100000
000100000
000100000
001100000
001100000
001100000
001100000
001100000
001100000
001100000
001000101
001001111
001111010
000100000
000100000
000100000
000100000
000100000
001100000
001100000
001100000
001100000
001100000
001100000
001100000
001000101
001001111
001111010
000100000
000100000
000100000
000100000
000100000
000100000
001100000
001100000
001100000
001100000
001100000
001100000
001100000
001001111
001000101
001110100
001001111
001111010
001100000
000100000
000100000
000100000
000100000
000100000
001110111
001110100
000100000
000100000
000100000
000100000
000010111
001111000
001100000
001100000
001110101
001111000
001100000
000100000
000100000
000100000
000100000
000100000
000100000
000100000
001100000
001100000
001100000
001100000
001100000
001100000
001100000
001000101
001111010
000100000
001100000
001100000
001100000
001100000
001100000
001100000
001100000
001000101
001111010
000100000
000100000
001100000
001100000
001100000
001100000
001100000
001100000
001100000
001000101
001111010
000100000
000100000
000100000
000100000
001100000
001100000
001100000
001100000
001100000
001100000
001100000
001000101
001111010
000100000
000100000
000100000
000100000
000100000
001100000
001100000
001100000
001100000
001100000
001100000
001100000
001000101
001111010
000100000
000100000
000100000
000100000
000100000
000100000
000100000
001100000
001100000
001100000
001100000
000010111
001100000
001100000
001100000
001001111
001000100
001001111
000100000
000100000
000010111
001111000
001100000
001100000
001110101
001111000
000100000
000100000
000100000
000100000
000100000
000100000
000100000
001100000
001100000
001100000
001100000
001100000
001100000
001100000
001000101
001111010
000100000
001100000
001100000
001100000
001100000
001100000
001100000
001100000
001000101
001111010
000100000
000100000
001100000
001100000
001100000
001100000
001100000
001100000
001100000
001000101
001111010
000100000
000100000
000100000
000100000
001100000
001100000
001100000
001100000
001100000
001100000
001100000
001000101
001111010
000100000
000100000
000100000
000100000
000100000
000100000
001100000
001100000
001100000
001100000
001100000
001100000
001100000
001000101
001111010
000100000
000100000
000100000
000100000
000100000
000100000
000100000
001100000
001100000
001100000
001100000
001100000
001100000
001100000
001000100
001001111
000100000
000010111
001111110
000010110
011100011
110010000
000100011
000100011
111001100
001110010
100010101
111111111
