110100010
110111110
010001110
001110001
010000100
001110001
110010000
000100101
010010100
001110001
110010000
000100101
001110100
110111110
010000001
001101001
001101101
001111101
001101001
000101101
000101101
000101101
000101101
000101101
000101101
000101101
001101101
001101101
001101101
001101101
001101101
001101101
001101101
001111100
001000101
000101001
000101101
000101101
000101101
000101101
001111101
000101101
000101101
001101001
001101101
001101101
001101101
001101101
001101101
001101101
001111100
001000101
001101011
001101101
001101101
001101101
000101101
001111100
000010111
001101101
001101101
001101101
001101101
001111100
001000101
000101011
001101101
001101101
001101101
001101101
001101101
001101101
001101101
001111100
001000101
000101011
000101101
001101101
001101101
001101101
001101101
001101101
001101101
001101101
001111100
001000101
000101011
000101101
001101101
001101101
001101101
001101101
001101101
001101101
001101101
001111100
001000101
001110101
001111110
000010111
010010111
001111110
001000001
001101001
001101101
001111101
001101001
000101101
000101101
000101101
000101101
000101101
000101101
000101101
001101101
001101101
001101101
001101101
001101101
001101101
001101101
001111100
001000101
000101001
000101101
000101101
000101101
000101101
000101101
000101101
001101001
001101101
001101101
001101101
001101101
001101101
001101101
001111100
001000101
001101011
001101101
001101101
001101101
001101101
001101101
001101101
001111100
001000101
000101011
000101101
000101101
000101101
001101101
001101101
001101101
001101101
001101101
001101101
001101101
001111100
001000101
001001111
000101011
000101101
000101101
000101101
000101101
001101101
001101101
001101101
001101101
001101101
001101101
001101101
001111100
001000101
001001111
000101011
000101101
000101101
000101101
000101101
000101101
001101101
001101101
001101101
001101101
001101101
001101101
001101101
001111100
001000101
001001111
001110100
001001111
001101011
000101101
000101101
000101101
000101101
000101101
001111101
000100101
000100101
000100101
000100101
001110100
000010111
001101001
001101101
001111101
001101001
000101101
000101101
000101101
000101101
000101101
000101101
000101101
001101101
001101101
001101101
001101101
001101101
001101101
001101101
001111100
001000101
000101011
001101101
001101101
001101101
001101101
001101101
001101101
001101101
001111100
001000101
000101011
000101101
001101101
001101101
001101101
001101101
001101101
001101101
001101101
001111100
001000101
000101011
000101101
000101101
000101101
001101101
001101101
001101101
001101101
001101101
001101101
001101101
001111100
001000101
000101011
000101101
000101101
000101101
000101101
001101101
001101101
001101101
001101101
001101101
001101101
001101101
001111100
001000101
000101011
000101101
000101101
000101101
000101101
000101101
000101101
001101101
001101101
001101101
001101101
001111100
000010111
001101101
001101101
001101101
001111100
001000101
001001111
001110100
001001111
000100101
000100101
001110100
000010111
001101001
001101101
001111101
000101001
000101101
000101101
000101101
000101101
000101101
000101101
001101001
001101101
001101101
001101101
001101101
001101101
001101101
001111100
001000101
000101011
001101101
001101101
001101101
001101101
001101101
001101101
001101101
001111100
001000101
000101011
000101101
001101101
001101101
001101101
001101101
001101101
001101101
001101101
001111100
001000101
000101011
000101101
000101101
000101101
001101101
001101101
001101101
001101101
001101101
001101101
001101101
001111100
001000101
000101011
000101101
000101101
000101101
000101101
000101101
001101101
001101101
001101101
001101101
001101101
001101101
001101101
001111100
001000101
000101011
000101101
000101101
000101101
000101101
000101101
000101101
001101101
001101101
001101101
001101101
001101101
001101101
001101101
001111100
001000101
001110100
001001111
000100101
001110100
000010111
001111110
000010111
010100111
110010000
000100011
000100011
001110011
111001100
100110101
111111111
